3.05976569          2.68637686          1.42568188
3.88307233          1.86949486                   0
2.31804925          1.53978468                   0
2.69360855         0.917900129          3.89901044
2.95133629          3.20633389          3.89904523
2.78218253                   0          0.73984626
2.51163813          2.48552636          3.12174216
0          2.43470709          0.10671723
0.727845304          3.99142853          3.01231007
3.05997178           1.8709093         0.628541562
0.80370188         0.806738005          2.16229109
2.52094609         0.141282885          1.92959821
2.08422078          1.75927904          3.72177264
1.47655262          1.85971743          1.27985672
3.8646719        0.0884316341           1.1968959
0.0597984741          3.06440589          1.11682446
3.69716179                   0       0.00854633386
0                   0          3.64115651
3.00638775          3.16191093           2.4845809
2.98750201          1.02722011          2.30142613
0         0.897797136          1.49879909
1.05339686          3.99965807                   0
2.19765372          3.94779644          3.75159245
2.14271614         0.993288345         0.840979953
1.7330946        0.0657753713           1.1540918
1.09816508          2.82435287          1.46572529
2.06258121         0.149876248                   0
1.48680668          2.29593694          3.06095841
2.49476253          1.71242868          1.52541702
1.88972875          2.80419311                   4
0.350432267          1.97357445          1.32697154
3.07421266         0.858902525          1.28463721
0.923197363          1.88886788         0.389204206
2.789863         0.104529209          3.03077661
0.139307485       0.00774232699          2.49494254
4          3.44074393          3.69564617
3.60477298          2.59820418          3.15591749
1.79668872         0.928642526          1.80694418
0.893797143          3.02495285           2.4528441
0          1.58412448          2.26723766
3.69540488          3.54583541         0.939373119
1.02839507                   0         0.377730518
0          2.76865386                   4
1.36975128          1.02717126                   0
0.643887665         0.021296545          1.50063191
1.02125883          1.97161141                   4
3.02352247          2.17773276                   4
1.76216972           2.4437075        0.0504537019
3.77776421         0.744124177          3.09995682
1.96437801         0.734606982          2.93731432
3.11169976          1.56816113          3.19479969
3.10275361          2.11635765            2.315429
0.00836930517          2.65580049          2.06679228
1.04721078          1.98703054          2.18099594
1.09688461          1.31576999          3.09286617
2.06423011                   0          3.83797091
0.877971327          2.94683514         0.359123463
2.0369518          3.47530259        0.0112016486
0          1.69262394          3.82755722
2.33120316          3.49809133          1.66368117
4          3.53570481          2.63470531
0.0424053777          3.91540516          3.93763149
4         0.876541128          1.97934683
0.971341372         0.187407645          3.18649652
1.95470837          2.62669487          2.08619733
2.11508933          2.66284757          1.01719581
4          1.59991205           3.7433004
3.15382811         0.863297334         0.205481264
0.399354066          2.27532586          3.00903578
0.0216938869         0.241652901         0.611262234
0.0393824627          3.59698756                   0
3.32120199        0.0358332745          3.97977348
0.982251912          0.90858787         0.962648507
4          2.54569459         0.956626526
1.46590579                   0          2.20431206
2.57747158                   4         0.790939728
4          1.70730485          2.63469238
4          2.67413606          2.01908134
3.26233291                   4          1.83103487
0.939724214          3.05252945          3.62749409
0.1054611          1.27870181         0.497550066
1.38143257           3.8755832          2.06640557
1.55732572         0.935480594                   4
2.40472927                   4            2.503744
3.2732963          3.85396773                   0
1.53792804          3.65625024         0.965780962
0.579978788                   4         0.920662949
2.97404607          2.88467383         0.321354993
3.59522987                   0          2.28512843
0.53806058         0.838623595                   4
0.255606354          3.76400604          1.93705413
0          3.23591793          2.98557892
3.18971511                   4          3.23847912
3.63716722          1.72913764          1.52052484
2.14813575          1.67725901          2.50760244
0         0.935882572          3.06936378
4          1.07682474         0.773279046
1.8192508          3.29318926          3.04202064
1.13225496                   4                   4
4          3.01281332        0.0271836172
