2.91328946          2.31051306          1.27246032
3.50181363          1.85154388                   0
2.6954218          1.44277397                   0
2.23513244         0.611882563           3.9144832
2.84278429          3.15684821           3.5861319
2.26824144         0.259413371          1.58546335
2.64907449          2.19180209          3.16911262
0          1.81895552         0.430700497
0.6884559          3.17014013          2.74366071
2.92144365          1.24401514         0.679126507
1.59321087         0.599352208          2.17498757
2.68162861                   0          1.37514769
2.50441422           1.3039028          3.37909449
1.67829999          1.87881262          1.48744795
3.51800919         0.323683478          1.36280063
0.0371516249          2.40381762          1.31257437
3.64148988         0.474156413          0.54491059
0.338907356        0.0373652995          2.65899443
2.61371005          2.36426529          2.45641059
3.47305182          1.02690835          2.10045123
0.0652347313          0.39485071          1.48537031
1.55330926          3.63303986        0.0527113283
1.73822388          2.95660753                   4
2.55413264          1.18414433          1.06747651
1.17792741          0.66769634         0.895822606
1.52403662          2.14364638          2.00593608
1.8093119         0.125484207        0.0177042201
1.18425667          2.18705178          3.15772709
2.63200006          1.69507943          1.25803514
2.60791173          2.80405725                   4
0.462277848          1.48063074          1.55025758
3.0054244         0.649846042          1.04849348
1.14293351          1.97252456         0.911857584
2.23470747                   0          2.31613846
0.43064136         0.233111075          1.58855799
3.48754654           2.4308254          3.61666526
3.49977292          1.63650381          2.94211339
2.09831512          1.32699943          1.86878287
0.881767102           2.0615419          2.15647146
0.368013342          1.60817063          2.27169213
4          2.43499959           1.0012004
0.779696945         0.407114501         0.340960849
0.114344939          2.19689706          3.85425161
1.40356726          1.39739047                   0
0                   0          1.03675251
0.886769248          2.51310792           3.9309623
2.90995904          1.85952673           3.8322364
1.84042726          2.26809998         0.477635259
3.36475389         0.625104077          3.07461733
1.92889266         0.647266029          2.59045553
2.56353939         0.527654304          2.64046706
3.06029588          1.59731148          2.31126934
0.339387484           2.9273558          2.01445944
1.16123052          1.47242919           2.4792758
1.44037059         0.958832083          2.66321884
1.97261651         0.236449697          3.21353812
1.0498671          2.51311726         0.288908615
1.810973          3.04805009         0.359172185
0          1.40750812            3.099151
2.34985633          2.72140463          1.77608735
3.56170309          3.20314227           3.3252781
0.0859477284          3.99590778          3.66647931
3.57683483         0.959845121          1.43917726
1.60196118        0.0638314468          3.70252803
2.51804424          2.07426462          1.87775893
2.20134208          2.46442254          1.07545845
3.50691525           1.3795352           3.5535117
3.19919949         0.875746274         0.183117086
0.0489958685          2.30448344          2.84853262
0         0.496827644         0.745497467
0.405499766          2.63618555                   0
2.71377959       0.00407108553          2.96826368
0.411737323         0.828044282          0.86638391
3.70993413          1.94725329         0.555936187
1.98027063         0.403193445          2.09409447
2.228918          3.50553613          1.63955515
3.94074124          1.41989382          2.42343531
3.89547544          2.02666117          2.58288928
3.26160291          3.72638763          2.10929696
0.874104661          3.22090299          3.82241412
0.541942781         0.804664073         0.439955926
0.994453208          3.35706333          1.72349687
1.94197689          1.37163787                   4
2.58322375          3.37835455           2.4538857
2.43546051          3.26365261                   0
1.59088723          2.87352348          1.04389105
0.997760487          3.02147024          1.05162221
3.02751747          2.24065218         0.484556907
3.19635084         0.369608911          2.18422604
0.868775696         0.426749074          3.51757108
0.174470862                   4          2.44665564
0          3.10280854          3.17549552
3.91771579          3.54367223          2.78659406
3.62923816          1.46159106         0.869161173
2.35167411          1.53001577           2.6147304
0.518509488         0.738380205          2.83705208
3.38793248          1.16431353         0.607500843
1.87117474          2.61332349          2.25213665
1.01207006          3.88224805           3.9758795
3.45432328          2.76559908         0.484346145
