1.73637542          2.93640879         0.982594718
0.841084762          2.96893383          1.41907864
1.97210086          1.75678248                   0
1.82279863          1.97783086                   4
1.81995234          3.09947005                   4
3.02103289                   4          2.85157986
3.50137291          3.95259883          1.74830673
2.29544816                   4         0.534055882
2.44764904                   4          1.83152841
2.12376388         0.583069618          1.75941494
0.604267889          3.83735739         0.836656708
2.3676447       0.00946546636           2.6546713
4         0.345643253       0.00136119979
0          1.64585866          1.84336369
2.27208497          1.64947945          3.10771652
2.55420818          2.19254042          2.30408708
4                   4                   0
3.80986756          2.97428944        0.0261091026
4                   4           3.2858968
1.19201936          1.08274688                   4
0.846640417        0.0780649988           3.6888051
1.50405213          1.95751659          0.81153568
4         0.691158012          3.37580383
2.53968365         0.835632847                   0
0          1.76867449          3.90494242
2.83138282          3.29753574                   0
2.61473303          1.58299683         0.716976576
1.96877075                   0         0.136585383
3.02691009          0.82022314          1.27929193
3.06507215                   0          1.86627476
2.82027102          2.90985258                   4
2.26157905          2.68861802          3.14308274
1.1825693         0.611845285                   0
1.18610213                   4                   4
4         0.323613073          2.20713189
3.973129         0.158391216          1.11534574
0.872761932          1.55095637          3.19379307
0                   4          2.40316504
3.23906656          2.99528124          3.10862373
4          3.38523203          2.43119576
0.356428847         0.930024058         0.707045353
0.131096051         0.805629462          3.52803499
0          2.00695802                   0
1.67301539          3.30391883                   0
3.34805722                   0          3.01769844
2.60372484          3.23027046          2.37344613
0          2.74820383          3.05415867
0                   0           2.7784515
3.12568371                   0         0.273687499
3.35663689          2.79201147          1.87166102
1.64275351          1.00686585          2.60680266
0.932108335          1.57091723                   0
2.49209775           2.5374842         0.537896931
0.425316798           1.9869708         0.948118945
2.67114763          3.20357471          1.24793045
3.07237745          1.94913724                   4
1.25677729          2.88613622          3.23405351
1.07771893         0.828034227          1.45037415
3.14328863          2.07145137                   0
3.37081876          1.69619257           1.9003836
4          1.27341146          2.54608404
1.16258311          1.72860618          1.77750514
2.21021122          1.62424866          1.58042383
1.82785698         0.920452293          0.78791885
0.87263828                   4          1.87484441
1.68586915           2.6204125          1.89911496
0.885089852          2.29251187                   4
0.630929987         0.887027566          2.49876183
2.84000586         0.802100891          3.23141008
3.04552556          3.97165312                   4
3.25319638         0.225200048                   4
0         0.621984292          1.63121931
0          1.74422493          2.87421466
3.46371242          1.12354057         0.336197152
0          3.06332831          1.93542976
0.702248625           3.3834988          2.62994438
1.50427163          2.05015685          2.67289592
1.35613792                   0          2.76825567
1.28132663                   0         0.921935789
0.757843658                   0          1.96631985
1.86765135         0.432773289          3.55147837
4          3.13342454          1.13413209
1.61578488          3.89665948          1.27746703
0.844662758          2.68387492         0.281226399
4           2.3045824          2.40933249
4          2.40960425          3.44299986
4          2.03208046         0.553277272
2.83197279          1.00933337          2.28988039
3.30692561          3.84630789         0.695461005
4          1.53951457                   4
3.87215482          3.23601531          3.99887579
2.01622204          3.87882222          3.32115086
0.396682872          3.27915146          3.87591618
1.66506401          3.53699298          2.41668204
0.637202013          2.36843116           2.3033307
4          1.25270446          1.26039905
3.22479831          2.22632989           1.1014086
3.27715375          1.81928579          3.00043537
2.41747941          1.16059852                   4
2.43193762                   0          1.04095323
