3.10249392          2.55644996          1.49657876
3.89296827          1.42391046                   0
2.35927384          2.12067781        0.0267235757
2.95812372          1.03297287                   4
3.07130813          2.87173106                   4
2.7927177                   0         0.670770625
2.51794791          2.71707937          3.13859466
0          2.63532388         0.197876267
0.783112473          3.99631913          3.04038448
3.08043488          1.80387334         0.688892663
0.909006396          1.08469038          2.11523108
2.51695197                   0          1.75025664
2.19786557          1.98824439          3.95268873
1.33066697          1.80997006           1.2502212
3.5447956         0.100818855          1.43485818
0            3.233201          1.16099198
3.72253109         0.243786578         0.271440548
0.0540562414                   0          3.46284072
3.07275554          3.12090073          2.37913821
2.79322755         0.961531141           2.2152497
0.0463647639          1.08938292          1.35956273
1.18777852                   4                   0
2.44545457                   4           3.9767622
2.04541882          1.30474046         0.595758725
1.7689751                   0         0.986517839
1.06651044          2.95538662          1.51971803
1.93410977         0.395701154        0.0135969964
1.53476343          2.30318587          3.13946468
2.37857258          1.78988889          1.47832185
1.96972976          3.07554605                   4
0.345516617          2.20622056          1.30454732
2.89946056         0.901599251          1.16148933
1.35716021          2.06851632         0.248394209
2.59259491         0.239188565          3.32220229
0.039872333          0.33913645          2.15830599
4          3.59737438           3.8822989
3.81740719          2.78340118          3.14751609
1.89573206         0.866499203          1.59545609
0.896041687          3.03077662          2.62127061
0          1.61177871          2.29206032
3.7440932          3.28416156          1.06102466
0.944571557                   0         0.300956002
0          2.63986041          3.95161379
1.04962488          1.06032502                   0
0.218839239                   0          1.07386928
1.05681157          1.96356983                   4
3.24649578          1.91358589           3.4662712
1.8170541          3.05714324       0.00949679491
3.44523022          0.94930924          3.06042564
1.79868586         0.510762588          2.56510208
2.3745752          1.30214015          3.12855368
2.8428634          2.01241795          2.38968832
0          2.73991726          2.22151219
0.963231968           2.1222702          2.20411453
1.22394521          1.25799023          3.13689395
1.44325287                   0          3.76415484
0.898815351          3.03006688         0.474754514
2.34321043                   4                   0
0          1.60080206            3.942876
2.43035601           3.3865651          1.59971558
4          3.73943011          2.65586627
0.176068573          3.82899847                   4
4         0.828581129          2.13195016
0.887347194         0.185680981          2.85120501
1.99358944          2.67889639          2.21095286
1.98765282           2.6460785          0.98889745
3.98474248          1.31359253          3.93987969
2.89853556         0.899580801        0.0275653026
0.472191019          2.12915844          3.11446854
0.0210165855         0.631594623         0.193361446
0.113708808          3.78001522         0.204132863
3.59439629         0.139018418          3.90807099
1.01804601         0.762274487          1.02665518
4          2.27159263         0.915549292
1.04360949                   0          1.77994882
2.91531232                   4         0.899851712
3.93551331           1.8283537          2.66682276
4          2.79769579          1.97681024
3.34931547                   4          1.82195007
0.922710125          3.06425181          3.62863918
0.319690861          1.59036473          0.45116206
1.47964445          3.83348276          2.03125266
1.83760127          1.00241596                   4
2.47806773                   4          2.45780265
3.52038221          3.74905912                   0
1.71051566          3.67988126         0.839712954
0.747981663                   4          1.12838556
2.81778835          3.01151835         0.542950327
3.33510374                   0          2.51434657
0.66418107         0.763926997                   4
0.316799107          3.79680803          2.10939777
0          3.30793885          3.08567885
3.11855999           3.6752658          3.25843468
3.50193712           1.6628241          1.68776038
1.82975984          1.61494567          2.31098616
0.197144693         0.959851527          3.07603332
4          1.00079269           1.0127234
1.74600777          3.50180407          3.06841987
1.38598289          3.95633023                   4
3.61650384           2.5870574        0.0129377572
