2.81375278          2.18975989          1.11920963
3.54952014          1.85154388        0.0112919898
2.77635421          1.29671375        0.0456644989
2.23513244         0.611882563          3.66175732
2.82699909          3.03116607          3.75212462
2.52962824         0.215578115          1.43353162
2.62895847          2.18117279           3.0597886
0.0183224022          1.91508919         0.284400723
0.6884559          3.11658604          2.84682308
2.95725854          1.09927477         0.703987964
1.59321087         0.487402807          2.17498757
2.54565499        0.0123294524          1.37514769
2.50441422          1.38856729          3.31703226
1.70127682          1.94310375          1.49450276
3.32708376         0.562901491           1.2042046
0.214352618          2.45373535          1.44542525
3.59734635         0.474156413         0.424010762
0.338907356        0.0373652995          2.75441745
2.53892282          2.07727637          2.60126174
3.55385106          1.15234128          2.17548848
0.271805811         0.233066639          1.48537031
1.68527799          3.40673888         0.142092506
1.75702818          2.95660753          3.96565051
2.72614602          1.18414433         0.990015811
1.17792741          0.66769634          0.78058708
1.56527803          2.14364638          2.00593608
1.62596894         0.159158806         0.107417465
1.17379138          2.42363423           3.2699127
2.63200006          1.82249119          1.25803514
2.8306034          2.90987832          3.91176442
0.462277848           1.6104384           1.7123981
3.0054244         0.821907992          1.01513729
1.20515257          2.19139729         0.644424989
2.23470747         0.107141191          2.31613846
0.388534826         0.233111075          1.44734124
3.48754654          2.56047751          3.53301126
3.49977292          1.63650381           2.7184993
1.99525945          1.96632067          1.86878287
0.810140976           1.9427371          2.25776756
0.63968059          1.69781575          2.24794899
3.86415251          2.43499959         0.872863026
0.710689734         0.407114501         0.392359409
0.189856172          2.43265823          3.85425161
1.24550132          1.39739047         0.136432003
0.0916258217        0.0838300753          1.04386125
0.958129179          2.64673135          3.82237267
2.67517922          1.85952673           3.6784715
1.65098344           2.5478748         0.477635259
3.36264186         0.625104077          2.92463459
1.82232602         0.645256281          2.35498422
2.4456871         0.651587397          2.39242077
3.06029588          1.59731148          2.46392577
0.549015365           3.0698681          1.95304812
1.46936462          1.36300586           2.4792758
1.49650707         0.835963791          2.61665847
1.85319761          0.13321712          3.30765999
0.92657897          2.16701042         0.325577544
1.76899302          2.84739515         0.359172185
0.299017647          1.28932073            3.099151
2.25047376          2.68290938          1.90737362
3.74328889          3.33355347          3.19182098
0.0859477284          3.86646882          3.78325394
3.45767506         0.959845121          1.24396166
1.70964179        0.0917455228          3.70252803
2.66282753          2.05002037          1.73335671
2.29688416          2.23157795          1.07545845
3.50691525          1.56512718          3.49991979
3.33678226         0.875746274         0.408456445
0.0489958685          2.21417936          3.04171254
0.0847000854         0.496827644         0.745497467
0.405499766          2.33315279         0.143078404
2.58996594         0.143082265          2.87735885
0.411737323         0.828044282          0.86638391
3.55160251          1.80581158         0.555936187
1.76213455         0.403193445          2.15119504
2.40925372          3.33001641          1.83818295
3.94074124          1.41582884           2.4102286
3.89547544          1.91879012          2.58288928
3.1396335          3.56739051          2.11365551
0.983495207          3.26121683           3.8557806
0.684149296          0.64806056         0.439955926
0.828576331          3.21601637          1.79532788
2.01250484          1.12340286          3.94272017
2.66464766          3.45988989          2.27428432
2.43546051          3.13370203       0.00832965301
1.59088723          2.93910326          1.04389105
0.997760487          3.06333728          1.54779954
2.8662261           2.3736628         0.931239813
2.98182012         0.369608911          2.29730719
0.737266727         0.556674107          3.40251804
0.0575232759           3.9658743          2.36965226
0.298321827          3.10115936          3.07662185
3.91771579          3.54367223          2.81194669
3.41958161          1.29047484         0.869161173
2.52881737          1.55603782           2.6147304
0.434884826         0.870001757          2.89814973
3.46600629          1.22931911         0.607500843
1.87117474          2.56747773          2.21668249
1.01207006          3.88224805           3.9758795
3.41465809          2.67027884         0.690091587
